60
50
15
6
12
49
13
82
31
27
91
32
18
19
66
19
3
15
62
7
29
20
90
55
13
32
83
72
75
73
6
59
23
18
1
4
32
93
24
52
76
63
28
65
81
63
44
17
66
62
56
62
74
2
66
19
20
31
96
45
79
18
90
35
74
44
63
31
81
94
11
73
69
7
24
41
85
28
84
19
82
13
26
20
86
9
8
22
24
10
28
65
53
65
74
74
67
86
8
81
75
57
38
24
19
19
91
67
89
18
85
27
4
60
98
78
23
35
7
0
73
94
3
64
94
59
74
9
46
99
4
37
49
77
17
58
92
90
83
97
54
78
88
3
67
91
49
66
15
34
92
78
51
58
46
55
55
49
57
31
50
67
48
22
31
29
90
48
2
11
52
87
47
32
76
58
22
70
55
13
11
21
37
84
53
41
52
61
100
65
54
3
35
75
8
59
18
20
19
81
57
71
93
71
11
11
87
3
19
45
43
38
8
59
64
27
26
79
78
37
77
40
79
2
76
96
77
73
19
28
40
32
69
31
6
75
38
100
15
67
58
57
84
30
34
61
67
1
17
28
97
56
43
10
22
22
37
28
79
17
63
73
78
75
10
27
27
35
44
80
22
74
4
81
74
22
36
85
21
76
1
65
75
36
38
12
78
83
64
60
83
34
72
15
63
86
32
48
52
61
58
23
78
2
67
44
68
10
63
99
75
89
33
38
9
12
82
45
68
69
75
28
56
93
78
74
48
12
57
87
49
90
99
89
71
61
29
51
77
99
52
92
46
83
93
33
87
71
29
1
